11.758011851616077,
13.786472957955587,
14.066709057667847,
14.84617665706011,
15.475847310050263,
16.994717240382464,
20.051376086777683,
20.438709496831898,
20.82540721061177,
20.89294446779712,
21.85135470880315,
22.506404167936832,
22.691571354362214,
26.05627933043658,
28.985070314728855,
29.620514420170654,
30.019277957932086,
34.886048492796334,
35.84468412104313,
38.55010422111688,
39.42360855048544,
39.79936043279954,
40.328729184507516,
40.40083063828252,
40.56786930700893,
41.20855919347818,
43.594907590448,
44.01967943650855,
44.89675100126191,
45.25172654080004,
45.345684721428654,
45.617233583890545,
46.954916868631805,
50.00268979561536,
50.30910370582703,
51.423131527220946,
51.88098752993175,
52.16015860925447,
52.1691616295586,
53.17609212015717,
54.574301643321746,
54.59190539797289,
54.9167212736147,
55.19993887999701,
55.628388252070785,
58.24999634764357,
58.70944037726015,
58.831938994166556,
60.131285435508175,
60.9604553251005,
61.2263827187409,
61.96508858381946,
63.4015213961883,
64.69284439742994,
65.71653945627135,
67.50925618102943,
68.22973882826899,
68.33770686661306,
68.4328881429176,
71.23693735647966,
71.33714108863445,
72.021283147794,
72.68236600029813,
73.82482691799562,
73.83827482510577,
74.54354178440471,
75.8672576418812,
78.26709295165374,
78.32074244078417,
80.92782926411789,
81.61956325412068,
82.57630587187397,
83.85974838036431,
83.94987284309134,
84.58522784481525,
85.35213820323638,
85.41297164591234,
88.40702565428413,
88.67947203203853,
88.94057118631486,
89.12953398712561,
91.20605678768128,
95.34952638991642,
95.72283127485353,
95.86411016569441,
96.32687062154169,
96.63309078169614,
96.95410629351159,
96.9546485615206,
97.07278792029207,
98.52866870715972,
99.71178770126464,
100.75871331603305,
101.42565935948673,
101.95140645250851,
102.11866416868213,
103.00520007250398,
103.17775669449829,
104.48962183816062,
105.36814816780837,
105.98933944992467,
106.74880301161346,
107.99633637811581,
109.72046876610743,
111.59309142848464,
112.15231137581164,
112.37245228082868,
115.78207240303281,
116.40858979852639,
117.10478137046009,
117.1504476211739,
117.44040875416535,
118.02994602363792,
118.14565155227228,
118.61589634444564,
118.787824564551,
120.62186006896044,
122.16949046021793,
122.50536891836981,
124.54230850624991,
126.93931047496659,
128.2317934233387,
134.04106943724977,
134.92225062771894,
138.53876139137958,
138.88150582716872,
138.94562065206495,
140.37310872353996,
142.08294222607626,
143.2300951699363,
143.350015994121,
143.77763670607413,
145.67252545155213,
146.0562101633182,
147.0086082302819,
147.95606631432798,
148.64973156408928,
150.56343494106912,
151.09584752371129,
151.26358515348082,
151.79103382770285,
151.8366497672857,
152.42337394733283,
154.3328934079534,
154.34972924151174,
155.24433995844126,
157.19753820113203,
157.76864709125576,
159.14647179527813,
159.8628578195436,
160.6306627539441,
160.67034462702162,
162.74157353651455,
164.35222618963843,
165.49400799518006,
165.95720419733266,
168.02304142794884,
168.4518973687163,
168.927301110951,
169.1466107761575,
170.5415755839866,
171.28300627064533,
172.22637489775124,
173.81969178160193,
177.3819321924612,
177.48543499142886,
178.3375839690449,
180.28936408789784,
180.34330638242838,
181.2341412916834,
183.26526111057294,
183.38669639003518,
185.7707775885937,
187.58971165314756,
190.23389217218752,
191.24082168261788,
192.6149607651303,
194.6166314580348,
194.86105844233288,
195.64784118060362,
196.6990238167167,
197.49243304501627,
197.70445790490868,
197.7752297861319,
198.20348351083635,
199.73944615340278,
200.1257082734064,
200.22120439670923,
201.60699650762612,
201.75682008762627,
202.50916046681724,
203.19046628356435,
203.70063589186964,
203.90206506243658,
204.181985954705,
204.95364622487176,
205.00350113277048,
205.46119887109526,
206.2837025813449,
206.47644134509048,
206.84898305574958,
207.20251060258946,
207.2154484368063,
207.26210523039552,
207.42313154690677,
208.6633666074757,
209.2843312916508,
209.94901800855968,
212.21784025515944,
213.0996607627551,
213.6500649879935,
213.78180858657072,
214.60270128034315,
214.91775772827967,
215.05786643222234,
215.39244120150855,
215.61468474922836,
215.96206661607883,
216.26085561242962,
220.21932034086743,
220.340323548826,
220.98470455519856,
221.75403597279077,
224.484425760735,
224.8221074795755,
225.53761651440288,
225.94156417658763,
226.32421777730374,
227.9358844362319,
228.02293156415928,
228.1669374298465,
228.28345025799007,
228.89235131861042,
230.8642307773852,
231.66196669075723,
231.67266117375453,
233.20730714531257,
234.01469094743882,
235.16755116696996,
235.83180101136023,
235.95792661596514,
236.7795310838363,
237.5398190348053,
237.75468454734565,
238.76210952464533,
240.31555017616446,
240.31643391250267,
242.18980820727631,
242.65106893564146,
243.13500863741785,
250.5618863935692,
257.5986121204464,
257.85563306494754,
258.17400118842664,
259.31600881692066,
260.18894384850245,
260.5709450513283,
260.95578142668126,
262.5392500775841,
262.71787462094375,
263.06188635295933,
263.2497738284132,
265.6084129688224,
268.1126540138173,
268.38183515097745,
268.8445504665932,
270.38702072870666,
271.93091999719,
274.44347581688197,
275.3881062567593,
275.43712879621427,
275.4910095807482,
276.4329936123949,
277.74523953280635,
278.1131646962454,
279.37182237517476,
279.6243100063546,
279.8678282152494,
280.7294891580206,
281.9947847333597,
283.63484953304635,
288.1163671163205,
289.76754495779863,
289.78445126967483,
291.19481602509234,
291.3936010518268,
293.38536189491316,
294.306304201781,
294.81544772820774,
296.54772938685954,
296.7360432008366,
298.5829062901926,
298.59504263806065,
299.9530657988663,
